{
  "advancedEditorSelectedIdentifier" : "ProjectBrowser",
  "openSceneRelativePaths" : [
    "Immersive.usda"
  ],
  "recentIdentifiers" : {
    "AF09ED6F-1707-48FD-8720-65B998362C09" : [

    ]
  },
  "sceneCameraHistory" : {
    "AF09ED6F-1707-48FD-8720-65B998362C09" : [
      {
        "date" : 737574713.505038,
        "title" : "Untitled",
        "transform" : [
          0.99999565,
          0,
          0.0029296828,
          0,
          0.0014648436,
          0.86602503,
          -0.49999857,
          0,
          -0.0025371788,
          0.5000007,
          0.86602134,
          0,
          -0.0010893263,
          0.20328926,
          0.37182233,
          1
        ]
      },
      {
        "date" : 737574709.125006,
        "title" : "Untitled",
        "transform" : [
          0.99999994,
          0,
          0,
          0,
          0,
          0.86602503,
          -0.5000007,
          0,
          0,
          0.5000007,
          0.86602503,
          0,
          4.440892e-16,
          0.15728581,
          0.2921438,
          1
        ]
      },
      {
        "date" : 737563118.21671,
        "title" : "Untitled",
        "transform" : [
          0.99999994,
          0,
          -0,
          0,
          -0,
          0.86602503,
          -0.5000007,
          0,
          0,
          0.5000007,
          0.86602503,
          0,
          4.440892e-16,
          0.058966096,
          0.12184938,
          1
        ]
      },
      {
        "date" : 737492572.098332,
        "title" : "Untitled",
        "transform" : [
          0.99999994,
          0,
          -0,
          0,
          -0,
          0.86602503,
          -0.5000007,
          0,
          0,
          0.5000007,
          0.86602503,
          0,
          7.450581e-09,
          0.11721301,
          0.24369955,
          1
        ]
      },
      {
        "date" : 737492039.481609,
        "title" : "Untitled",
        "transform" : [
          0.99999994,
          0,
          0,
          0,
          0,
          0.8660249,
          -0.5000007,
          0,
          0,
          0.5000007,
          0.8660249,
          0,
          0.117541075,
          -2.0618634,
          6.3953285,
          1
        ]
      },
      {
        "date" : 737492015.648953,
        "title" : "Untitled",
        "transform" : [
          0.99999994,
          0,
          0,
          0,
          0,
          0.8660249,
          -0.5000007,
          0,
          0,
          0.5000007,
          0.8660249,
          0,
          0,
          2.073505,
          4.0077677,
          1
        ]
      },
      {
        "date" : 737492000.350028,
        "title" : "Untitled",
        "transform" : [
          0.99999994,
          0,
          0,
          0,
          0,
          0.8660249,
          -0.5000007,
          0,
          0,
          0.5000007,
          0.8660249,
          0,
          0,
          0.48982435,
          0.5022267,
          1
        ]
      },
      {
        "date" : 737491932.904496,
        "title" : "Untitled",
        "transform" : [
          0.99999994,
          0,
          -0,
          0,
          -0,
          0.8660249,
          -0.5000007,
          0,
          0,
          0.5000007,
          0.8660249,
          0,
          0,
          3.4249911,
          3.81492,
          1
        ]
      }
    ]
  }
}